282.922762055543
282.923146411683
282.921652703191
282.917035055399
282.908917419971
282.898078150428
282.885422538768
282.871550337443
282.856166566662
282.838134268569
282.814848145422
282.781655318672
282.730334960915
282.648433686352
282.520039954174
282.321551142114
282.031955906812
281.663563127967
281.263880943219
280.879051631885
280.515800805397
280.183726183606
279.862491140665
279.530474640304
279.190406805055
278.856642373525
278.567471235811
278.336181586894
278.151247519398
277.986305876699
277.830776458748
277.679152800742
32.4861543991426
32.4862188787357
32.4862707028325
32.4863105123708
32.4863367846988
32.486363445416
32.4863951590718
32.4864444272364
32.4865498165812
32.4867167899082
32.4869709426497
32.4873551688579
32.48788981564
32.488679290232
32.4900429126386
32.4928957041822
32.498822958504
32.5089646376303
32.5222387024942
32.5367311879878
32.5520785393413
32.5680462213317
32.5882315681844
32.6227411437727
32.6948689931929
32.8169608792319
32.9940100383474
33.2020883017403
33.4034901675476
33.5663322322495
33.6603029654963
33.7186384542063
0.0429735593001421
0.0267009320668655
0.0203799556869985
0.0164309267098804
0.0134927957273522
0.0111695056329957
0.00927582228221953
0.00770418496751997
0.00638552703783364
0.00527241871291456
0.00433049399131274
0.00353368058143524
0.00286137792898777
0.00229671263431302
0.00182542723820968
0.00143516171279531
0.00111499044840203
0.000855125856816698
0.000646738173499088
0.000481849643987403
0.000353278478574989
0.00025461007567817
0.00018018126824213
0.000125064988274
8.50484212232041e-05
5.65994349125556e-05
3.68202227849765e-05
2.33888777379229e-05
1.44914970475013e-05
8.74884745005843e-06
5.14173080088369e-06
2.93922813230819e-06
0.0163249941757182
0.009364177384557
0.00676554239089032
0.00521598976999434
0.00411131984930034
0.00327252969575055
0.00261530295510348
0.00209065119305216
0.0016671754935501
0.00132338904854179
0.00104380743270317
0.000816775365910997
0.000633185478393347
0.000485691291622266
0.00036821102068548
0.000275610426941181
0.000203499892821586
0.000148103887173712
0.000106176961540179
7.49468582830647e-05
5.20724603925586e-05
3.56073480447123e-05
2.39639168489011e-05
1.58750922684613e-05
1.03533458445125e-05
6.64790961435894e-06
4.2022677061073e-06
2.6140126441186e-06
1.59894969028394e-06
9.60720112782483e-07
5.66245494926985e-07
3.26910644052905e-07
0.0623842158022391
0.0260226477332834
-73.506106762473
98.3746820804464
-6.43829342694786e-09
-36.30041
