13.0035909333076
13.0035909333076
13.0035909333076
13.0035909333076
13.0035909333076
13.0035909333076
13.0035909333076
13.0035909333076
13.0035909333076
13.0035909333076
13.0035909333076
13.0035909333076
13.0035909333076
13.0035909333076
13.0035909333076
13.0035909333076
13.0035909333076
13.0035909333076
13.0035909333076
13.0035909333076
13.0035909333076
13.0035909333076
13.0035909333076
13.0035909333076
13.0035909333076
13.0035909333076
13.0035909333076
13.0035909333076
13.0035909333076
13.0035909333076
13.0035909333076
13.0035909333076
0.892687981925818
0.892687981925818
0.892687981925818
0.892687981925818
0.892687981925818
0.892687981925818
0.892687981925818
0.892687981925818
0.892687981925818
0.892687981925818
0.892687981925818
0.892687981925818
0.892687981925818
0.892687981925818
0.892687981925818
0.892687981925818
0.892687981925818
0.892687981925818
0.892687981925818
0.892687981925818
0.892687981925818
0.892687981925818
0.892687981925818
0.892687981925818
0.892687981925818
0.892687981925818
0.892687981925818
0.892687981925818
0.892687981925818
0.892687981925818
0.892687981925818
0.892687981925818
0.098932228079214
0.098932228079214
0.098932228079214
0.098932228079214
0.098932228079214
0.098932228079214
0.098932228079214
0.098932228079214
0.098932228079214
0.098932228079214
0.098932228079214
0.098932228079214
0.098932228079214
0.098932228079214
0.098932228079214
0.098932228079214
0.098932228079214
0.098932228079214
0.098932228079214
0.098932228079214
0.098932228079214
0.098932228079214
0.098932228079214
0.098932228079214
0.098932228079214
0.098932228079214
0.098932228079214
0.098932228079214
0.098932228079214
0.098932228079214
0.098932228079214
0.098932228079214
0.0888439117733722
0.0888439117733722
0.0888439117733722
0.0888439117733722
0.0888439117733722
0.0888439117733722
0.0888439117733722
0.0888439117733722
0.0888439117733722
0.0888439117733722
0.0888439117733722
0.0888439117733722
0.0888439117733722
0.0888439117733722
0.0888439117733722
0.0888439117733722
0.0888439117733722
0.0888439117733722
0.0888439117733722
0.0888439117733722
0.0888439117733722
0.0888439117733722
0.0888439117733722
0.0888439117733722
0.0888439117733722
0.0888439117733722
0.0888439117733722
0.0888439117733722
0.0888439117733722
0.0888439117733722
0.0888439117733722
0.0888439117733722
0.175120417619042
0.153126345134235
82.0417072846122
158.291006099178
9.48559521293669e-08
25.80041
