12.9998687866347
12.9998687866347
12.9998687866347
12.9998687866347
12.9998687866347
12.9998687866347
12.9998687866347
12.9998687866347
12.9998687866347
12.9998687866347
12.9998687866347
12.9998687866347
12.9998687866347
12.9998687866347
12.9998687866347
12.9998687866347
12.9998687866347
12.9998687866347
12.9998687866347
12.9998687866347
12.9998687866347
12.9998687866347
12.9998687866347
12.9998687866347
12.9998687866347
12.9998687866347
12.9998687866347
12.9998687866347
12.9998687866347
12.9998687866347
12.9998687866347
12.9998687866347
0.892117184330406
0.892117184330406
0.892117184330406
0.892117184330406
0.892117184330406
0.892117184330406
0.892117184330406
0.892117184330406
0.892117184330406
0.892117184330406
0.892117184330406
0.892117184330406
0.892117184330406
0.892117184330406
0.892117184330406
0.892117184330406
0.892117184330406
0.892117184330406
0.892117184330406
0.892117184330406
0.892117184330406
0.892117184330406
0.892117184330406
0.892117184330406
0.892117184330406
0.892117184330406
0.892117184330406
0.892117184330406
0.892117184330406
0.892117184330406
0.892117184330406
0.892117184330406
0.169284626635913
0.147586817856857
80.3697562286291
139.640371784259
7.76756130285469e-08
