282.915038763192
282.915422245532
282.913931870301
282.909318537816
282.90121322353
282.890395094197
282.877765420344
282.863908622292
282.848532192699
282.830499456545
282.807203383459
282.774024169856
282.722780146687
282.641043282354
282.512928861823
282.314851171963
282.025895396867
281.658354724058
281.25964063331
280.875777852612
280.51345674423
280.18227216096
279.861908760971
279.530743001061
279.191452244612
278.858076561667
278.568153144512
278.335709428626
278.150487825249
277.985583208996
277.83016971921
277.678570080784
32.4860246782085
32.4860895646508
32.4861410662491
32.486180659424
32.4862070961212
32.4862338208733
32.4862654736447
32.4863144621381
32.4864193604167
32.4865856395815
32.4868387310589
32.4872215039977
32.4877542586918
32.4885413145392
32.489900709273
32.4927449537516
32.4986559244322
32.5087704187477
32.5220091987143
32.5364632204677
32.5517708011976
32.5676975264049
32.5878305874984
32.6222543899308
32.6942084008724
32.8161195845313
32.9932744627772
33.2016080241959
33.4031529180258
33.5661082834279
33.6600972441709
33.7184689615973
0.0620556530933073
0.025941569662303
-73.40154225981
98.4024008059654
-6.39055008866809e-09
