3.09061560913668
3.09032642679149
3.08882306920039
3.08503632453396
3.07893085673495
3.07118072994503
3.06298693582194
3.05472951429313
3.0457834240289
3.03520911252033
3.02090607634188
2.99788060466471
2.95731682560855
2.8893203628955
2.78404066039413
2.6196684450479
2.38045260628444
2.10249373002667
1.84872518805068
1.63482014629728
1.43279935756303
1.28323226080854
1.12292352890837
0.967171174400644
0.834382631716014
0.695881847688863
0.593864375782756
0.548174212375914
0.535181043652471
0.532966893411679
0.522638886486581
0.498352307741216
0.143600095863137
0.143551885449299
0.143518610854057
0.143500364382832
0.143488312385358
0.143475062568918
0.14345627421493
0.143421391623452
0.143347732867002
0.143251377039716
0.143146602954316
0.143055644351647
0.143038396277878
0.143022599388798
0.14261890880738
0.141107653130768
0.13757544794062
0.13278506540557
0.129071438144667
0.125992233021039
0.122180394019637
0.119155235253165
0.11515088196731
0.117351753377794
0.148053194010673
0.220448374798506
0.281615594357246
0.300941512103491
0.243508934979356
0.166178604069784
0.109581384115555
0.0663560720703043
0.0689668713749818
0.0421525730327803
0.0322958385504613
0.026120187033754
0.0215456742372865
0.0179485800823528
0.0150285725856388
0.0126098938569572
0.0105796649137837
0.00886074833613056
0.0073978395996324
0.00614967921761583
0.00508440427579951
0.00417663279499868
0.00340556210145618
0.00275369350165999
0.00220596518652949
0.00174915503562495
0.00137147840350505
0.00106231895046798
0.000812057705688359
0.000611968399646781
0.000454157779607913
0.000331531882214167
0.000237776490677079
0.000167340301785925
0.000115414926397169
7.79066682064974e-05
5.13973514259352e-05
3.3093830224339e-05
2.07668985214874e-05
1.26823151645284e-05
0.0648421010482086
0.0376943542262947
0.0281046356668132
0.0222606909369935
0.0180112487919211
0.0147230290035997
0.0120948915379654
0.00995192340322325
0.00818230059908124
0.00670974970752357
0.00547953762144806
0.00445068669645256
0.00359136792937232
0.00287604159534677
0.00228361936296204
0.00179625702145672
0.00139855743024967
0.00107704417264863
0.000819824729156941
0.000616377603233308
0.000457421721693226
0.000334831277828429
0.000241571512209122
0.000171636096865442
0.000119976729871369
8.24201868934149e-05
5.55748680131698e-05
3.6730996644145e-05
2.3760122745594e-05
1.5019197966045e-05
9.26267340088316e-06
5.56471757563855e-06
0.175120417619042
0.153126345134235
82.0417072846122
158.291006099178
9.48559521293669e-08
