128
0.2
0.205223613
0.2105836568
0.2160836944
0.2217273828
0.2275184720000001
0.2334608149999999
0.23955836
0.2458151609999999
0.2522353770000003
0.2588232769999999
0.2655832409999999
0.2725197600000002
0.2796374500000001
0.2869410389999998
0.2944353830000002
0.3021254660000001
0.3100163989999993
0.3181134270000001
0.3264219349999999
0.334947444
0.3436956230000003
0.3526722879999999
0.3618834050000004
0.3713350999999996
0.3810336550000004
0.3909855159999998
0.4011973009999998
0.4116757989999993
0.4224279740000014
0.4334609749999991
0.4447821380000008
0.4563989829999997
0.4683192500000004
0.4805508399999994
0.4931018900000002
0.5059807599999999
0.5191960099999999
0.5327563899999994
0.546670970000001
0.5609489500000002
0.5755998499999997
0.5906334099999988
0.6060596000000018
0.6218887199999976
0.6381312399999999
0.6547980000000031
0.6719000499999979
0.6894487799999993
0.7074558500000023
0.725933229999999
0.7448931999999999
0.7643483700000004
0.784311670000001
0.8047963699999983
0.8258161000000008
0.8473848199999985
0.8695168700000018
0.8922269599999986
0.91553021
0.93944209
0.9639784900000024
0.9891557499999983
1.014990580000003
1.04150018
1.068702139999999
1.096614580000001
1.125256019999995
1.154645540000004
1.184802650000002
1.215747389999997
1.247500369999997
1.280082660000005
1.313515949999996
1.347822440000002
1.383024949999999
1.41914689
1.456212270000002
1.4942457
1.533272519999997
1.573318630000003
1.614410659999997
1.656575950000004
1.699842509999996
1.744239100000001
1.789795259999998
1.836541249999996
1.884508140000008
1.933727859999991
1.984233090000004
2.036057409999998
2.089235299999999
2.14380208
2.19979404
2.257248410000003
2.316203360000003
2.37669812
2.438772880000002
2.502468899999997
2.567828550000002
2.634895259999993
2.70371363000001
2.774329379999998
2.8467895
2.921142199999991
2.997436700000009
3.075723999999994
3.156055899999998
3.238486000000009
3.323069000000004
3.409861199999995
3.498920100000007
3.590305099999995
3.684077000000002
3.780297899999994
3.879031999999995
3.980344800000012
4.084303699999992
4.190977800000013
4.300437999999986
4.412757200000016
4.528009900000001
4.646272699999997
4.767624299999994
4.892145499999998
5.019918899999993
5.151029399999999
5.285563800000006
